CONSPECTUS XV

 

 

 

Μ Κ Μ Κ Μ Κ, Μ Κ Μ Κ
272 701 325 116 377 1004 428Theodect. 481 293
273 1283 326 135 378 1119 fr. 13 N. 482 1355
2741345(Arist. 327 150 379 327 429 103 483[33. 96.
Thesm. 392) 328 217 330 1115 430 109 100. 335
275 702 329 359 331 1133 431Τ1ωοε11-.6 936.
276 335. 6 330 343 332 1134 432 249 484{ 1148
277 343 331 151. 2 333 1131 433 130 962939.
273 949 332 347 334 330 434 200 . 1002.
279 933 333 455 335 1196 435 201 1020. 6.
230 660 334 457 336 1157 436 202 485 1034.
231 855 335 113 337 1099 437 1326 1154.
232 321 336 312, 388 ἐ 1017. 433 247 1163
233 934 337 1233 1033 439 345 486 323
234 359 333 153 339 1012 440 211 437 17
235 1234 339 223 390 354 441 771 433 1295
236 661 340 224 391 1353 442 1274 439 47
237 1001 341 1215 392 325 443 423 490 2
233 46 342 225 393 102 444 19 491 326
239 730 343 226 394 330 445 607 492 447
290 703 344 11 395 333 446 439 493 1231
291 1039 345 1325 396 326 447 230 494 Eur.
292 633 346 464 397 902 443 443 Phoen. 726
293 1050 347 1203 393 745 449 391 495 357
294 1042 343 41 399 920 450 45 496Epicharm.
295 1074 349 10 400 1034 451 679 497 Menand.
296 1083 350 59 401 534 452 51 1035
297 1077 351 63 402 535 453 20 493 390
293 379 352 303 403 115 454 543 499*) 415
299 1285 353 451 404 7435 455 630 500 1271
, 300 373 354 372 405 727 456 21 501 1027
301 704 355 131 406 129 457 737 502 1007
302 643 353 313 407 236 453 551 503 1098
303 892 860.895. 408 285 459 1329 504 332
304 1121 35749123. 4. 409 397 460 777 505 1174
305 644 105234 410 603 461 739 506 1075
306 396 353 233 411 Menand. 462 697 507 319
307 333 359 239 53 463 112 503 1079
303 393 360 332 412 609 464 79 509 1122
309 1113 ’ 361 Δ 93 413 312 465 30 510 317
310 399 362 1152 414 313 466 1313 511 1171
311 1133 363 1372 415 27 467 1324 512 972
312 1151 364 334 416 23 463 1302 513 1129
313 1170 335 1019 417 154 469 1037 514 7
314 903 363 1030 413 1255 470 943 515 652
315 1163 367 1193 419 677 471 23 513 13
316 345 363 1093 420 1160 472 1337 517 533
317 1236 369 363 421 532 473 461 518 36
313 1111.1194 370 81 422 1264 474 459 519 132
319 3 371 329 423 1222 475 213 520 513
320 117 372 315 424 243 476 401 521 319
321 304 373 1039 425 132 477 60 522 305
322 1206 374 1127. 3 426 Menand. 478 536 - ,,,,, v
323 125 375 1073 742 479 944 . 1) αἱ, Μ, v

324 135 376 1104 1427 1265 1430 1102 comum.

 

