XIV ‘CONSPEOTUS

MK MK MK MK·MK

11 119 65 110 118 1282 169 1063 221 476
12 206 66 294 119 1025 170 1064 222 613
13 207 67 1212 120 438 171 1065 223 614
14 208 68 1256 121 1056 172 70 224 276
15 209 69 296 122 1055 173 68 225 Axssn
16 210 70 297 1352. 4 174 823 :Ecel.421
17 6505 71 955 123 1366 7 175 824 226 1164
18 44 72 710 124 1374 176 73 227 810
19 106.107 73 612 1377 177 667 228 22
20 ,1211 74cf.Mein.V 1381 178 78 229 1014
21 425 cccxxxu1.1v 125 48 179 72 230 91
22 1254 75 1275 126 82 180 785 231 671
23 430 76 1276 127 49 181 1094 232 1107
24 799 77 585 128 61 182 1290 233 807
25 1207 78 1277 129 822 183 94 234 806
26 188 79 1030 130 1317 184 1095 235 388
27 JJenaetr.1 80 781 131 69 185 1291 236 1085
28 228 81 1278 132 71 186 714 237 1144
29 229 82 422 133 975 187 1114 238 595
3ο 230 83 1336 134 87 188 715 239 596
31 231 84 320 135 977 189 1123 240 722
32 232 85 89 136 974 190 592 241 599
33 233 86 1296 137 77 191 1130 242 742 ·
34 234 87 1279 138 1357 192 400 243 54
35 3 88 1029 139 74 193 1292 244 1106
36 786 89 586 140 314 194 290 245 601
37 394 90 587 141 988 195 740 246 759
38 662 91 1059 142 769 196ἷ1378. 247 1137
39 37 92 641 143 999 1314 248 1135
40 708 93 664 144 24 197 99 249 1134
41 620 94 242 145 821 198 1293 250 1138
42 274 95 519 146 640 199 1192 251 1161
43 1146 96 993 147 32 200 1198 252 1150
44 189 97 85 148 669 201’ 39, 253 707
45 1232 98 84 149 310 202 38 254 602
46 782.432 99 1155 150 865 203 57 255 605
47 375 100 282 151 275 204 53 256 606
48 1226 101 283 152 1023 205 638 257 760
49 338 102 101 153 33.1035 206 6 258 1185
50( 339 103 1091 154 1359 207 489 259 575
51 622 104 884 155 1037 208 676 260 576
52 341 105 284 156 76 209 947 261 56
53 1205 106 1356 157 1313 210 58 262 577
54 487 107 818 158 1040 211 1071 263 843
55 488 . 108 571 159 1045.6.7 212 95 264 699
56 875 109 572 160 739 213 590 265 Arist.
57 611 110 573 161 1049 214 1304 Izan.781
58 621 111 864 162 1051 417 418 266 838
59 331 112 9 163 869 2¹5{419 267 658
60 , 113 574 164 1057 216 398 268 Audsn
61{ ⁰47·8·9 114 393 165 1360 217 475 Ran.901
62 281 115 1281 166 1060 218 227 269 827
63 336 116 437 167 1061 519 1322 270 839

64 340 1117 783 168 1062 220 1003 1271 930

