14

768
769
770
771
772
773
774
775
776
777
778
779
780
781
782
783
784

785Ἰ

786
787
788
789
790
791
792
793
794
795
796
797
798
799
800
801
802
803
804
805
806
807
808
809
810
811
812
813
814
815
816
817
818
819
820
821

Κῖ

786
787
788
819
770
773
790
792
793
794
795
796
800
507
802
803
806
808
809
811
810
812
814

617 Γ

766
1112
777
778
874
784
785
1113
769
856
857
820
818
815
816
817
775
771
776
780
781
782
783
868
841
855
840
830
849
850

 

Est
822
823
824
825
826
827
828
829
830
831
832
833
834
835
836
837
838
839
840
841
842
843
844
845
846
847
848
849
850
851
852
853

854 ἶ

855
856
857
858
859
860
861
862
863
864
865
866
867
868
869
870
871
872
873
874

K:

147
890
722
916
911
891
892
900
885
887

865 .

880
976
879
875
873
962
600
936
913
901
886
888
912
893
917
894
968
910
918
867
902
937
895
903
949
904
919
931
905
906
965
907
971
966

896 ’

974
951
958
952
956
953
955
957

ὀοΝεΡΕοΤυε

14 Κῑ 11
875 897 998
876 884 999
877 914 930
878 545 931
879 940 939
880 948 933
881 1117 934
882 993 935
883 1006 936
884 984 937
885 1012 938

⁰ 886 1013 939
887 1019 940
888 1090 941
889 1091 949
890 1095 943
891 1026 944
899 1031 945
893 1032 946
894 973 947
895 1033 948
896 1034 949
897 1038 950
898 1040 951
899 1045 959
900 1046 953
901 975 954
909 964 955
903 1049 956
904 1059 957
905 1053 958
906 1055 959
907 1056 960x
908 1058 961
909 1059 969
910 1061 963
⁹¹1 {133³} 33ss
912 1064 966
913 1065 967
914 979 968
915 1066 969
916 1067 970
917 1069 971
918 1079 979
919 1078 973
990 1070
991 1050
999 1014 -974
923 1062
924 969
925 1042
996 1030 975

Ι 997 1015 ᾗ 976

 

ΚΖ

1099
1039

988
1048
1054
1010
1009
1018

921

983
1008
1076
1003
1001

999

997

995

321
1081
1082

978
1041

985
1079
1080
1043

994
1000
1017
1068
1060
1004

961

977

938

990
1009
1005
1071
1199

935
1094
1016
1077
1074
1035
1007
1099
1036
1051
1057
1073
1037

989

 

14

977
978
979
980
981
982
983
984
985
986
987
988
989
990
991
992
993
994
995
996
997
998
999
1000
1001
1002
1003
1004
1005
1006
1007
1008
1009
1010
1011
1012
1013
1014
1015
1016
1017
1018
1019
1020
1021
1022
1023
1024
1025
1026
1027
1028
1029
1030

:K

987
980
982
922
950
986
869
1044
898
870
750
844
915
967
960
1095
821
680
682
681
685
687
686
729
595
606
683
684
822
823
596
789
848
751
723
1075
991
878
847
889
908
996
1119
883
992
926
845
1047
721
932
963
754
Ν933

“ 939

