Μ

1031
1032
- 1033
1034
1035
1036
1037
1038
1039
1040
1041
1042
1043
1044
1045-
1046
1047
1048
vol. V
ccxmv n. IX
CCXLVIII ΙΙ. XI
CCXLVIII n. XII
chI n. XII
com n. XIII
ccmu n. VIII
chxnr n. XIV

. ccnxnll n. XV

ccnxxnt
n. chxxvma,
coxon. 111
11. nxxm
Dxxnu
nxxv
DXXVI
DXXVII
nxxvm
DXXVIIII
monost. -
50
’ 59
135
136
168
242
352
378
410
420
434
505
560
562
643
669

Κ

871
959
934
899
882
1028
947
972
1027
909
859
946
941
942
945
954
1101
1118

80
135
137
180
181
216
409
412

629

733
734
981
753
728
742
943

768
854
772
774
760
1110
767
805
797
779
762
1109
801
761
813
807

 

CONSPECTUS

M K

681 791
684 799
694(623) 804
699 1111
58
199
199 ·
> 990
998
300
> 316
401
435
472,
499
735
838
876
990
944
998
1093
1084
1085
-1086
1101
1102
1107
1108
1116
1121-1130

8. 9

ΙΙὶΙΙΙΙΙΙΙΙ’·ΙΙΙΙΙΙ,ΙΙΙΙΙΙΙΙΙΙ

Archedicus —
Mein. 14589 4

Apollodorus Gar.

3 4
4 3
22 22.23
23 24
24 25
25 26
26 27
Apollodorus
18 19
19 18
- 21
- 22
- 23
- 24
ΙῙΙΙ 457 25
IIH 456 26

 

 

Μ Κ
Philippides
26 31
27· 26
28 27
29 28
30 29
31 32
32 33
33 30
34 38
35 36
36 35
38 40
40 34

Heyesippus
I 477 3

Phoenicides
- 5

Posidippus

eooe-Qmmffss

11
10
10 12
11 13
12 14
13 15
14 16
15 17
16 18
17 19
18 20
19 21
20 22
21 23
22 24
23 25
24 26
25 27
26 28
27 29
28 30
29 31
30 32
31 33
32 34
33 43

}(111

Μ Κ

34 35
35 39
36 41
37 40
38 36
39 37
40 44
41 42
42 38

Diooeippus
2 3
3 2

Timostratus

I 500 2
2 3
3 4
4 5
V cccxxvn 6 ‘

Alexander 3

1 Alexid. 8
2. 1
ao Slc sq.

Orobylus

3 4
4 3
6 7
7 6
l 490 11

Nicotaus
-— 2

Sosicrates

4 7
5 4
—- 5
- 6

Adespota

1 298
2 537
3 287
4 580
5 581
6 582
7 583
8 34
9 120
10 773

