*CONSPECTUS

31 Κ· 14 ,Κ Ι 14 :K 14 ,Κ 14 JK
930 938 984 991 337 348 391 399 444 fin
231 239 285 293 338 349 399 400 445 457
939 940 986 997 339 350 393 409 446 458
v 933 941 987 999 340 359 394 403 447 459
934 949 988 995 341 351 395 413 448 461
935 944 989 999 349 353 396 404 449 460
936 943 990 994 343 354 397 405 450 469
937 945 991 996 344 355 398 406 451 463
938 546 999 306 345 356 399 408 459 465
939 946 993 307 346 358 400 407 453 464
940 947 994 308 347 357 401 410 454 466
, 941 948 995 301 348 359 409 411 455 467
949 949 996 309 349 361 403 414 456 468
943 950 997 393 ’ 350 360 404 415 457 470
944 951 998 304 351 369 405 416 458 469
945 959 999 305 359 363 406 417 459 471
946 953 319 353 364 407 419 460 479
947 954 3⁰⁰ {313 354 -367 408 418 461 473
948 955 301 309 355 365 409 490 469 475
949 956 309 310 356 366 410 491 463 474
950 959 303 311 357 368 411 499 464 476-
951 957 304 317 358 369 419 494 465 478
959 958 305 315 359 370 413 493 466 479
953 960, 306 314 360 371 414 495 467 480
954 961 307 318 361 379 415 496 468 477
955 969 308 319 369 373 416 433 469 494
256 964 309 390 363 374 417 497 470 481
957 965 310 399 364 375 418 498 471 489
958 963 311 393 365 378 419 431 479 483
959 966 319 394 366 379 490 499 473 484
960 967 313 395 367 376 491 430 474 485
961 971 314 339 368 377 499 439 475 486
969 970 315 333 369 381 493 436 -476 487
963 968 316 601 370 389 494 434 477 488
964 969 317 396 371 385 495 437 478 489
965 979 318 398 379 380 496 439 - 479 490
966 973 319 397 373 383 427 1442 480 491
267 274 320 329 374 384 1444 481 499
968 975 391 330 375 386 498 438 489 493
969 976 399 331 376 387 499 440 483 496
970 977 393 334 377 388 430 441 484 495
271 979 394 347 378 390 431 446 485 498
979 978 395 340 379 389 439 445 486 500
973 980 396 338 380 391 433 443 487 497
974 981 397 346 381 609 434 447 488 501
975 989 398 336 389 399 435 448 489 509
976 983 399 337 383adesp221 436 450 490 503
977 984 330 335 384 869 437 451 491 508
978 986 331 345 385 393 438 453 499 504
979 985 339 339 386 394 439 449 ,493 505
980 987 333 341 387 395 440 454 494 506
981 988 334 349 388 396 ι 441 459 495 511
989 989 335 343 389 397 442 456 496 510

283 290 l 336 844 890 398 Ι 443 455 497 509

