ἴ Μ

498
499
500
501
502
503
504
505
506
507
508
509
510
511
512
513
514
515
516
517
518
519
520
521
522
523
524
525
526
527
528
529
530
531
532
533
534
535
536
537
538
539
540
541
542
543
544
545

546 philem. 120

547
548
549
550
551

Κ

512
514
515
516
513
517
518
519
520
521
522
524
525
523
526
527
528
529
654
531
532
533
534
535
536
547
548
538
537
539
540
543
541
542
599
923
550
551
549
1083
552
553
559
554
574
555
564
565

556
560
557
558
561

 

i

M?

552
553
554
555
556
557
558
559
560
561
562
563

564'

565
566
567
568
569
570
571
572
573
574
575
576
577
578
579
580
581
582
583
584
585
586
587
588
589
590
591
592
593
594
595
596
597
598
599
600
601
602
603
604
605

ΔΚ

568
567
566
562
563
924
597
598
593
594
570
571
569
572
575
577
576
579
578
580
582
585
581
583
584

CONSPEOTUS

686'

587
588
589
590
573
591
592
689
688
717
634
604
605
608
679
619
620
621
622
623
625
626
624
627
628
630
631
632

M:

Κ

606’1091
607 1092

608
609
610
611
612
613
614
615
616
617
618
619
620
621
622
623
624
625
626
627
628
629
630
631
632
633
634
635
636
637
638
639
640
641
642
643
644
645
646
647
648
649
650
651
652
653
654
655
656
657
658
659

635
636
636
639
633
640
719
642
643
644
646
646
647
648
649
660
661
662
663
662
603
656
655
657
659
653
660
616
661
664
666
666
667
669
666
670
671
672
673
674
676
676
677
637
610
766
613
609
616
925
611
612

 

M:

660
661
662
663
664
665
666
667
668
669
670
671
672
673
674
675
676
677
678
679
680
681
682
683
684
685
686
687
688
689
690
691
692
693
694
695
696
697
698
699
700
701
702
703
704
705
706
707
708
709
710
711
712

{713

Κ

’718
1096
691
690
692
693
696
697
698
699
700
701
1103.4.5
702
703
704
705
706
707
708
709
710
711
713
714
1100
694
695
715
678
1087
1088
1090
641
1094
1099
614
1089
1093
1097
1098
716
712
724
720
725
752
731
736
744
749
732
726
738

 

ΜΖ

714
715
716
717
718
719
720
721
722
723

,724

725
726
727
728
729
730
731
732
733
734
735
736
737
738
739
740
741
742
743
744
745
746
747
748
749
750
751
752
753
754
755
756
757
758
759
760
761
762
763

3 764
766

766
767

XI

K

737
798
745
746
739
846
834
759
833
851
747
607
748
860
861
758
829
831
740
826
828
757
764
756
616
928
741
837
877
743
929
836
835
765
824
843
763
872
853
866
881
832
927
825
827
842
181
727
863
864
839
852
858
930

