 

XVI CONSPEOTUS γ

 

 

 

Μ Κ Μ Κ Μ Κ Μ Κ Μ Κ

523 Eubul. 535 376, 2 548 355 561 1375 574 1186 » ,
’ 136 536 517 549 356 562 1153 , 575 1191 ’ 3

524 553 537 413 550 533 563 831 576< 1176. 7 ²ss
525 548 538 800 551 776 564 737 577 1178. 9
526 433 539 491 552 1268 565 712 578 907
527 1225 540 183, 2 553 480 566 1312 579 1361 g
528 570 541 444 554 512 567 90 580 1362 ξ
529 538 542 421 555 1257 568 1086 581 744 1 ⁵³³
530 155 543 584 556 1233 569 1169 582 1335
531 434 ι 544 235 557 674 570 919 583 1261 . x
532 598 545 1224 558 808 571 820 V p. cccxxx1x 93
533 552 4546 194 559 784 572 25 V p. cchxmv 1338
534 778 547 212 560 873 573 1301 V p. 124 n. cccc 814

reliqua meae editionis fragmenta, quorum numeri supra non oom-
memorantur, desunt, apud Meinekium.

