Conspectus
numerorum huius editionis (K) eb Meinekianae minoris (M)
discrepantium.

M K M K , Μ Κ Μ Κ Μ Κ
Menander 40 48 , 80 79 148 149 191 196
2 730 41 42 93 94 149 150 192 197
3 663 42 38 Ι 94 93 150 151 , 193 198
4 2 43 39 98 100 151 152 194 200
5 3 44 40 99 98 152 153 195 201
6 12 . 45 ῖ41 100 99 153 154 196 202
7 4 46 49 107 108 154 155 197 203
8 5 47 43 108 107 155 156 198 205
9 6 48 44 109 530 156 157 199 204
10 7 49 45 110 109 157 158 200 208
11 8 50 46 ’ 111 110 158 159 201 206
12 “ 9 51 47 112 544 159 160 202 207
13 10 52 50 113 111 160 161 203 209
14 11 53 56 114 112 161 162 204 210
15 21 54 57 115 113 162 163 205 211
16 22 55 53 ’116 114 163 164 206 213
17 23 56 51 117 116 164 165 207 214
18 24 › 57 52 118 115 165 169 208 212
19 14 58 54 119 117 169 170 209 215
20 18 59 55 120 118 170 172 210 217
21 19 60 59 121 119 172 173 211 218
22 13 61 60 122 120 173 175 212 219
23 15 62 63 123 121 174 176 213 221
24 16 63 61 124 122 175 177 214 222
25 17 64 62 125 123 176 174 215 230
26 25 65 64 126 124 177 178 216 231
27 20 66 65 127 126 178 182 217 229
28 26 68 66 128 125 180 183 218 232
29 ’ 27 69 68 129 127 181 184 219 233
30 28 70 69 130 128 182 185 220 234
31 29 71 70 131 129 183 186 221 225
32 30 72 71 132 130 184 187 222 223
33 31 73 ’72 133 131 185 188 223 224
34 33 74 73 134 132 186 189 224 226
35 34 75 78 135 133 187 191 225 228
36 32 Ι 76 77 136 138 ¹ 188 193 226 227
37 36 77 76 137 134 190 227 235
38 35 A 78 75 138 ·136 189 {194 228 237
39 37 79 74 147 148 Ι 190 195 229 236

 

 

